[Temperature]
hightempvalue=13.699999999999999
hightemptime=2020-06-12T01:23:56
lowtempvalue=11.300000000000001
lowtemptime=2020-06-12T01:24:56
lowchillvalue=10
lowchilltime=2020-06-12T01:23:56
highmintempvalue=-999
highmintemptime=0001-01-01T00:00:00
lowmaxtempvalue=999
lowmaxtemptime=0001-01-01T00:00:00
highapptempvalue=-999
highapptemptime=0001-01-01T00:00:00
lowapptempvalue=999
lowapptemptime=0001-01-01T00:00:00
highfeelslikevalue=-999
highfeelsliketime=0001-01-01T00:00:00
lowfeelslikevalue=999
lowfeelsliketime=0001-01-01T00:00:00
highheatindexvalue=13.699999999999998
highheatindextime=2020-06-12T01:23:56
highdewpointvalue=11
highdewpointtime=2020-06-12T01:24:56
lowdewpointvalue=10
lowdewpointtime=2020-06-12T01:23:56
hightemprangevalue=0
hightemprangetime=0001-01-01T00:00:00
lowtemprangevalue=999
lowtemprangetime=0001-01-01T00:00:00

[Wind]
highwindvalue=2
highwindtime=2020-06-12T01:23:56
highgustvalue=3
highgusttime=2020-06-12T01:23:56
highdailywindrunvalue=0.30000000000000004
highdailywindruntime=2020-06-12T01:27:00

[Rain]
highrainratevalue=0
highrainratetime=0001-01-01T00:00:00
highdailyrainvalue=0
highdailyraintime=0001-01-01T00:00:00
highhourlyrainvalue=0
highhourlyraintime=0001-01-01T00:00:00
highmonthlyrainvalue=0
highmonthlyraintime=0001-01-01T00:00:00
longestdryperiodvalue=0
longestdryperiodtime=0001-01-01T00:00:00
longestwetperiodvalue=0
longestwetperiodtime=0001-01-01T00:00:00

[Pressure]
highpressurevalue=1002
highpressuretime=2020-06-12T01:23:56
lowpressurevalue=1001
lowpressuretime=2020-06-12T01:24:56

[Humidity]
highhumidityvalue=77
highhumiditytime=2020-06-12T01:24:56
lowhumidityvalue=71
lowhumiditytime=2020-06-12T01:23:56
