[General]
Date=2020-06-12T01:27:00

[Wind]
Speed=2
SpTime=2020-06-12T01:23:56
Gust=3
Time=2020-06-12T01:23:56
Windrun=0.30000000000000004
WindrunTime=2020-06-12T01:27:00

[Temp]
Low=11.300000000000001
LTime=2020-06-12T01:24:56
High=13.699999999999999
HTime=2020-06-12T01:23:56
LowMax=999
LMTime=0001-01-01T00:00:00
HighMin=-999
HMTime=0001-01-01T00:00:00
LowRange=999
LowRangeTime=0001-01-01T00:00:00
HighRange=-999
HighRangeTime=0001-01-01T00:00:00

[Pressure]
Low=1001
LTime=2020-06-12T01:24:56
High=1002
HTime=2020-06-12T01:23:56

[Rain]
High=0
HTime=0001-01-01T00:00:00
HourlyHigh=0
HHourlyTime=0001-01-01T00:00:00
DailyHigh=0
HDailyTime=0001-01-01T00:00:00
LongestDryPeriod=0
LongestDryPeriodTime=0001-01-01T00:00:00
LongestWetPeriod=0
LongestWetPeriodTime=0001-01-01T00:00:00

[Humidity]
Low=71
LTime=2020-06-12T01:23:56
High=77
HTime=2020-06-12T01:24:56

[HeatIndex]
High=13.699999999999998
HTime=2020-06-12T01:23:56

[AppTemp]
Low=999
LTime=0001-01-01T00:00:00
High=-999
HTime=0001-01-01T00:00:00

[Dewpoint]
Low=10
LTime=2020-06-12T01:23:56
High=11
HTime=2020-06-12T01:24:56

[WindChill]
Low=10
LTime=2020-06-12T01:23:56

[FeelsLike]
Low=999
LTime=0001-01-01T00:00:00
High=-999
HTime=0001-01-01T00:00:00
