[General]
Date=06/12/2020
Timestamp=2020-06-12T01:23:55
CurrentYear=2020
CurrentMonth=6
CurrentDay=12

[Wind]
Speed=2
SpTime=01:23
Gust=3
Time=01:23
Bearing=360
Direction=N
Windrun=0.12000000000000001
DominantWindBearing=360
DominantWindBearingMinutes=1
DominantWindBearingX=-4.8985871965894128E-16
DominantWindBearingY=2

[Temp]
Low=11.300000000000001
LTime=01:24
High=13.699999999999999
HTime=01:23
Total=13.699999999999999
Samples=2
ChillHours=0
HeatingDegreeDays=0.0031944444444444455
CoolingDegreeDays=0

[Pressure]
Low=1001
LTime=01:24
High=1002
HTime=01:23

[Rain]
High=0
HTime=00:00
HourlyHigh=0
HHourlyTime=00:00
Start=-1
Yesterday=0
LastTip=0000-00-00 00:00
ConsecutiveRainDays=0
ConsecutiveDryDays=0
RG11Today=0

[ET]
Annual=0
Startofday=-1

[Humidity]
Low=71
High=77
LTime=01:23
HTime=01:24

[Solar]
SunshineHours=0
SunshineHoursToMidnight=0
HighSolarRad=0
HighSolarRadTime=00:00
HighUV=0
HighUVTime=00:00
SunStart=-999

[HeatIndex]
High=13.699999999999998
HTime=01:23

[AppTemp]
Low=999
LTime=00:00
High=-999
HTime=00:00

[FeelsLike]
Low=999
LTime=00:00
High=-999
HTime=00:00

[WindChill]
Low=10
LTime=01:23

[Dewpoint]
Low=10
LTime=01:23
High=11
HTime=01:24

[NOAA]
LatestMonthlyReport=
LatestYearlyReport=

[FineOffset]
FOSensorClockTime=0001-01-01T00:00:00
FOStationClockTime=0001-01-01T00:00:00

[Records]
Alltime=2020-06-12T01:24:56
